0 1 2 3 4
1 0 2 4 7
2 0 1 3 4 7 8
3 0 2 4 7 8
4 0 1 2 4 5 8
5 4 6
6 5 7
7 1 2 3 6
8 2 4
9 7 8


0 1
1 2
1 7
2 7
2 3
3 7
3 4
6 7
6 5
5 4
2 4
6 5
3 4
3 8
1 4
9 8
2 8
4 8
9 6
0 3
0 4
0 2

0 1
1 2
1 7
2 7
2 3
3 7
3 4
6 7
6 5
5 4
2 4
6 5
3 4
3 8
1 4
9 8
2 8
4 8
0 7
4 7
9 6
0 3
0 4
0 2



{
0: [1, 3, 4, 2],
1: [0, 2, 7, 4],
2: [1, 7, 3, 4, 8, 0],
3: [2, 7, 4, 4, 8, 0],
4: [3, 5, 2, 3, 1, 8, 0],
5: [6, 4, 6],
6: [7, 5, 5, 9],
7: [1, 2, 3, 6],
8: [3, 9, 2, 4],
9: [8, 6]
}

{0: [1, 7, 3, 4, 2],
1: [0, 2, 7, 4],
2: [1, 7, 3, 4, 8, 0],
3: [2, 7, 4, 4, 8, 0],
4: [3, 5, 2, 3, 1, 8, 7, 0],
5: [6, 4, 6],
6: [7, 5, 5, 9],
7: [1, 2, 3, 6, 0, 4],
8: [3, 9, 2, 4],
9: [8, 6]}